36010064416
22080001800
48000029807
07000060022
16130289600
20000157131
16110193500
25000509500
36040222078
08000004600
02000110428
38030056200
16070049000
02000039900
36070430600
02000129734
43000023600
48000321200
20000110300
03000036666
04000016511
20000051900
11000045700
34000188809
22040063110
25000524609
46000060100
08000002900
16020076100
49010165700
27000035803
23000038500
15000244300
02000073700
21000229000
05000051910
29000003600
36050326500
20000104818
38010012300
11000246100
38050062200
49070133800
02000154783
33000112700
22090252800
03000050062
02000118200
15000139033
11000181600
14000355600
35000050700
06000003307
37000205615
16040174900
11000116100
11000288100
34000116600
09000031005
41000185700
06000009048
02000154853
49110312300
13000083540
25000302100
38020014900
42000700600
02000155400
25000118599
02000154700
13000084523
45000125800
42000577500
25000276000
03000030038
42000128800
11000052700
25000007402
38050090800
11000258300
03000010800
03000002404
36070489300
22010138900
34000288500
05000062593
33000120500
11000295100
22090262700
30000221200
01000067400
11000026500
23000166600
16110033002
21000216600
08000123100
37000117100
16040019100
22090290500
30000054923
38060034100
22070135600
13000039301
36040259400
38060030300
35000062200
37000158700
16100114500
49010061200
20000131600
11000217600
11000120300
33000116302
10000218800
33000105800
33000153700
48000310900
